SIMPLE  = T
BITPIX  = -64
NAXIS   = 2
NAXIS1  = 12866
NAXIS2  = 11784
CTYPE1  = 'GLON-TAN'
CTYPE2  = 'GLAT-TAN'
CRVAL1  =  195.970259695
CRVAL2  =  -12.049931310
CRPIX1  =      6433.5000
CRPIX2  =      5892.5000
CDELT1  =   -0.001300000
CDELT2  =    0.001300000
CROTA2  =    0.146127895
END
